-444 -3922 982 -2650 1056 392
-1466 -2108 175 -1361 2485 502
-473 -3788 896 4270 -4040 268
-4953 2209 26 -1478 -3665 664
-538 -605 48 -4317 -97 425
4449 2082 353 1165 1656 210
3806 -4528 2 -17 -4959 770
4059 2903 645 2360 1614 620
712 -3088 361 4724 -554 69
3303 -3138 270 -4790 490 697
-3453 312 70 4475 4537 880
-1048 2604 990 903 1748 182
3564 -2679 863 3266 694 531
2932 2812 198 3869 -4983 493
-4158 3731 655 -4771 2533 770
-396 -1003 489 1202 -4649 967
-4561 -919 727 448 123 989
-2353 -302 840 4502 -3996 26
-4707 -4405 896 -873 -3565 230
-435 -162 964 -2547 -4030 476
879 -4590 492 2160 4261 291
-144 1717 828 -510 -4450 666
-2526 -2091 394 4307 4244 606
-660 -4654 70 -4479 -4077 111
-3314 -3274 820 -4822 -1362 431
-1782 1713 440 -4984 -4310 817
871 -2995 921 -2881 3529 25
2651 1452 720 2874 -4641 28
-1743 -1682 711 -3520 -3319 618
1082 -197 671 4980 2423 14
-178 4083 326 -1166 -3894 379
-3693 -1308 554 -3923 4501 165
-4725 -4558 136 4229 -1863 560
1205 -3725 571 -1289 -1867 254
-1573 2175 894 -4772 -2709 46
1756 -736 244 -4446 -2433 487
1355 -2127 239 2479 4971 708
3908 3209 289 882 1554 852
385 511 495 -4577 4395 776
-2684 -3075 729 -3349 4385 648
4207 3903 700 2658 -2493 787
4512 342 942 4061 1602 411
-2593 3791 577 -222 -792 31
2063 630 607 -750 -1116 933
4166 -3055 704 -1651 -161 614
-3416 2318 974 -69 -3809 302
2109 -163 295 -1256 922 960
1839 -4102 174 -36 -1566 444
-568 622 495 2641 -3459 675
210 4842 561 -408 83 777